0 0 6 111011001
0 0 2 000001001
0 0 1 000000010
0 0 3 000010101
0 0 4 000110011
0 0 3 000111000
0 0 3 001100001
0 0 4 001000111
0 0 5 010001111
0 0 4 000110101
0 0 3 000010011
0 0 2 000100010
0 0 5 000111110
0 0 4 001101100
0 0 2 100000001
0 0 5 110010101
0 0 6 111100101
0 0 2 010000100
0 0 4 010010011
0 0 3 010100010
0 0 3 100100100
0 0 4 101010100
0 0 4 110110000
0 0 3 010011000
0 0 6 010111110
0 0 4 100111000
0 0 3 101001000
0 0 5 110101100
0 0 5 011010110
0 0 3 100000110
0 0 6 101110110
0 0 5 111100010
0 0 6 100101111
0 0 4 000011011
0 0 8 011111111
0 0 3 100001001
0 0 7 101011111
0 0 5 001101011
0 0 6 101111001
0 0 7 110111011
0 0 6 110011101
0 0 7 011111101
0 0 3 010100100
0 0 2 100000100
0 0 5 101110100
0 0 3 110010000
0 0 5 011101010
0 0 4 011001100
0 0 4 011100001
0 0 5 100111010
0 0 4 101001010
0 0 7 111011110
0 0 6 011110110
0 0 3 011010000
0 0 4 100100110
0 0 5 101010110
0 0 4 111000010
0 0 5 100101101
0 0 3 000011001
0 0 4 010001101
0 0 4 100001011
0 0 6 101011101
0 0 4 001101001
0 0 7 101111011
0 0 5 111001001
0 0 8 111101111
0 0 6 101110011
0 0 4 010100011
0 0 3 010000101
0 0 3 010101000
0 0 4 010110100
0 0 6 011111010
0 0 3 100000011
0 0 5 011010011
0 0 3 010001010
0 0 3 011000100
0 0 4 011011000
0 0 6 011110101
0 0 4 100101010
0 0 4 101100100
0 0 3 101000010
0 0 7 101101111
0 0 5 101111000
0 0 6 101011110
0 0 6 110010111
0 0 5 000110111
0 0 2 000010001
0 0 1 000100000
0 0 4 000111100
0 0 5 001101110
0 0 5 110011100
0 0 5 110001011
0 0 6 110111010
0 0 7 111100111
0 0 7 110111110
0 0 6 111101100
0 0 5 111001010
0 0 8 111111011
0 0 5 111110000
0 0 6 111010110
0 0 5 001110110
0 0 6 001111101
0 0 5 010110101
0 0 4 000001111
0 0 5 011101100
0 0 4 100010101
0 0 5 101100101
0 0 3 110000001
0 0 5 011000111
0 0 5 010011110
0 0 5 100010111
0 0 6 101100111
0 0 7 111110011
0 0 4 101001001
0 0 4 010011001
0 0 5 011101001
0 0 2 100010000
0 0 6 110101101
0 0 3 000001101
0 0 6 111110100
0 0 7 111011101
0 0 3 110000100
0 0 5 110100110
0 0 2 000000110
0 0 6 001011111
0 0 5 010111100
0 0 5 011001110
0 0 4 100110010
0 0 3 010010010
0 0 2 000101000
0 0 4 001011010
0 0 5 011001011
0 0 4 100011100
0 0 4 101000101
0 0 5 111010100
0 0 6 101101110
0 0 6 100110111
0 0 4 010101001
0 0 6 011011011
0 0 5 101010101
0 0 5 110110001
0 0 4 111000001
0 0 2 010000010
0 0 3 001001010
0 0 2 001000001
0 0 2 000011000
0 0 4 100101100
0 0 5 110111000
0 0 4 111001000
0 0 4 001010110
0 0 3 001110000
0 0 4 101100010
0 0 4 110000110
0 0 7 111110110
0 0 5 001100111
0 0 5 101010011
0 0 7 110110111
0 0 6 111000111
0 0 6 101110101
0 0 4 010100101
0 0 5 011010101
0 0 7 110111101
0 0 7 111001111
0 0 4 110010001
0 0 3 000110001
0 0 5 100101011
0 0 5 101011001
0 0 5 111100001
0 0 4 100101001
0 0 6 101011011
0 0 5 001011101
0 0 1 000000100
0 0 3 100110000
0 0 4 110100100
0 0 6 001111011
0 0 6 101001111
0 0 6 110101011
0 0 7 111011011
0 0 6 011100111
0 0 5 101000111
0 0 6 111010011
0 0 5 101101001
0 0 5 010111001
0 0 4 011001001
0 0 4 110100001
0 0 5 110001101
0 0 4 000101101
0 0 8 111111101
0 0 5 100110101
0 0 7 101111110
0 0 5 010101110
0 0 2 000010100
0 0 4 001100110
0 0 2 010001000
0 0 7 011110111
0 0 4 100001110
0 0 6 011011110
0 0 3 000010110
0 0 3 001100100
0 0 4 010000111
0 0 5 011111000
0 0 5 100100111
0 0 4 101011000
0 0 4 111000100
0 0 5 110011010
0 0 4 000111010
0 0 3 000011100
0 0 4 001100011
0 0 1 010000000
0 0 5 011110010
0 0 2 100100000
0 0 6 110111100
0 0 5 111000011
0 0 6 111101010
0 0 3 101010000
0 0 6 110110011
0 0 5 111001100
0 0 4 010010101
0 0 3 100100010
0 0 4 101010010
0 0 6 110110110
0 0 4 011110000
0 0 3 100001100
0 0 4 010101100
0 0 5 010100111
0 0 4 000011101
0 0 2 000001010
0 0 5 000111011
0 0 2 001000100
0 0 6 111001101
0 0 6 001101111
0 0 4 000110110
0 0 3 001001001
0 0 4 001111000
0 0 8 110111111
0 0 2 010000001
0 0 4 010010110
0 0 4 101010001
0 0 3 010110000
0 0 3 101100000
0 0 7 011111110
0 0 5 100101110
0 0 7 101110111
0 0 3 001000011
0 0 6 011010111
0 0 6 010111011
0 0 1 000000001
0 0 4 000100111
0 0 3 001011000
0 0 5 111010001
0 0 5 001110011
0 0 3 000101010
0 0 4 001010101
0 0 5 110100011
0 0 5 010011101
0 0 5 101001101
0 0 4 011100010
0 0 6 101101011
0 0 6 110001111
0 0 6 101111100
0 0 2 001001000
0 0 4 100100101
0 0 7 110011111
0 0 7 111101101
0 0 5 101011010
0 0 4 110010010
0 0 4 111100000
0 0 5 110110100
0 0 5 111000110
0 0 5 011011100
0 0 5 100011011
0 0 4 110011000
0 0 5 111101000
0 0 4 001101010
0 0 3 010001001
0 0 7 011111011
0 0 4 100000111
0 0 5 110010011
0 0 6 111100011
0 0 3 001001100
0 0 6 010101111
0 0 5 100001111
0 0 7 011011111
0 0 4 000010111
0 0 0 000000000
0 0 2 110000000
0 0 2 001010000
0 0 2 000100100
0 0 3 100010001
0 0 3 011000001
0 0 3 100100001
0 0 3 100011000
0 0 3 011001000
0 0 3 010000110
0 0 2 010100000
0 0 1 100000000
0 0 3 000100101
0 0 2 000000011
0 0 1 000001000
0 0 2 011000000
0 0 3 000101100
0 0 3 101000001
0 0 3 010010001
0 0 3 001101000
0 0 3 000011010
0 0 3 000110100
0 0 2 000010010
0 0 2 000000101
0 0 3 000110010
0 0 3 001010001
0 0 3 000100011
0 0 3 000001110
0 0 3 001000110
0 0 2 001100000
0 0 3 111000000
0 0 1 000010000
0 0 2 100001000
0 0 3 000000111
0 0 2 000100001
0 0 2 000001100
0 0 4 000011110
0 0 4 110100010
0 0 4 011001010
0 0 4 010111000
0 0 4 011010100
0 0 4 001100101
0 0 4 100100011
0 0 3 010000011
0 0 3 100000101
0 0 3 100101000
0 0 3 010010100
0 0 3 100010010
0 0 3 101000100
0 0 3 110100000
0 0 3 011000010
0 0 3 000100110
0 0 4 001001110
0 0 3 001000101
0 0 3 001010010
0 0 3 110000010
0 0 3 000001011
0 0 4 010110001
0 0 4 100011010
0 0 4 101100001
0 0 4 111010000
0 0 4 100010011
0 0 4 101101000
0 0 4 001110010
0 0 3 001010100
0 0 4 011000011
0 0 4 101110000
0 0 4 110010100
0 0 4 110000101
0 0 4 000101110
0 0 4 110101000
0 0 4 010110010
0 0 4 110001100
0 0 4 011100100
0 0 4 110001001
0 0 3 000101001
0 0 4 100110001
0 0 4 001011001
0 0 4 000101011
0 0 4 010011010
0 0 4 011010010
0 0 2 100000010
0 0 4 010001110
0 0 4 001001011
0 0 1 001000000
0 0 4 001011100
0 0 4 000111001
0 0 4 110000011
0 0 3 110001000
0 0 2 101000000
0 0 2 010010000
0 0 3 011100000
0 0 4 011000110
0 0 4 001001101
0 0 4 010101010
0 0 3 100001010
0 0 3 001100010
0 0 3 010001100
0 0 3 010100001
0 0 4 100110100
0 0 4 100011001
0 0 4 010011100
0 0 4 011101000
0 0 4 001110100
0 0 4 010100110
0 0 4 101000011
0 0 4 100001101
0 0 4 101000110
0 0 4 010001011
0 0 4 011000101
0 0 4 001010011
0 0 4 100010110
0 0 4 011010001
0 0 4 101001100
0 0 5 111010010
0 0 5 101100011
0 0 5 001111001
0 0 5 110101001
0 0 5 010110011
0 0 5 000101111
0 0 5 100110110
0 0 5 001011011
0 0 5 111000101
0 0 5 010101101
0 0 5 011110001
0 0 5 110110010
0 0 5 010101011
0 0 5 001111100
0 0 5 111011000
0 0 5 100111100
0 0 5 000011111
0 0 5 001111010
0 0 4 001110001
0 0 5 011100110
0 0 5 001110101
0 0 5 110100101
0 0 5 101011100
0 0 5 111100100
0 0 5 001101101
0 0 5 011011010
0 0 5 011001101
0 0 5 001010111
0 0 5 110010110
0 0 5 101110010
0 0 5 011110100
0 0 5 110011001
0 0 5 100110011
0 0 5 001011110
0 0 5 010011011
0 0 5 010110110
0 0 5 101101010
0 0 5 101110001
0 0 5 101001011
0 0 5 100011101
0 0 5 101100110
0 0 5 010010111
0 0 5 010111010
0 0 5 101001110
0 0 5 011100101
0 0 5 110001110
0 0 5 110101010
0 0 5 110000111
0 0 5 011100011
0 0 5 011011001
0 0 5 100111001
0 0 6 111001110
0 0 6 011101101
0 0 6 100111101
0 0 6 110110101
0 0 6 011011101
0 0 6 110011011
0 0 6 011111001
0 0 6 111101001
0 0 6 100111110
0 0 6 011101110
0 0 6 010110111
0 0 6 010011111
0 0 6 011111100
0 0 6 000111111
0 0 6 111010101
0 0 6 111110001
0 0 6 011101011
0 0 6 001110111
0 0 6 110101110
0 0 3 100010100
0 0 6 111100110
0 0 6 101111010
0 0 6 111001011
0 0 6 100011111
0 0 6 110100111
0 0 6 011001111
0 0 6 010111101
0 0 6 111011100
0 0 6 011110011
0 0 6 111011010
0 0 6 110011110
0 0 6 111110010
0 0 6 101101101
0 0 6 101010111
