0 0 0 1010010111001010
0 0 0 [1 1 1 0 1 0 1 1 1 0 0 0 1 0 1 0]
0 0 0 [1 1 0 1 0 1 1 1 1 1 0 0 1 0 1 0]
0 0 0 [1 0 1 1 0 1 1 0 1 1 0 1 1 0 1 0]
0 0 0 [1 0 1 0 1 1 0 1 0 0 0 0 0 0 1 0]
0 0 0 [1 0 1 0 0 1 1 1 1 0 1 1 1 0 0 0]
0 0 0 [1 0 1 0 0 1 0 1 1 1 1 0 1 1 0 1]
0 0 0 [1 0 1 0 0 1 0 1 1 1 0 1 1 0 0 1]
0 0 0 [1 0 1 0 0 1 0 1 1 0 0 0 0 1 0 0]
0 0 0 [1 0 1 0 0 1 0 1 0 1 0 0 0 1 1 0]
0 0 0 [1 0 1 0 0 1 0 0 1 1 1 1 1 0 1 1]
0 0 0 [1 0 1 0 0 0 0 1 0 0 1 0 1 1 1 0]
0 0 0 [1 0 0 1 0 1 0 0 1 1 0 0 1 0 1 0]
0 0 0 [1 0 0 0 0 0 1 0 1 1 1 0 1 0 1 0]
0 0 0 [0 1 1 0 1 1 0 1 1 1 0 0 1 0 1 0]
0 0 0 [0 1 0 0 0 0 0 1 1 1 0 0 1 0 1 0]
0 0 0 [0 0 1 0 1 0 0 1 0 1 0 0 1 0 1 0]
