0 0 0 111111111
1.8 1 0.8 101000101
2.25 1 1.25 000101111
2.25 1 1.25 011001011
2.25 1 1.25 110100110
2.25 1 1.25 111101000
2.6666666666666665 2 0.6666666666666666 000001001
2.6666666666666665 2 0.6666666666666666 000100100
2.6666666666666665 2 0.6666666666666666 000000011
2.6666666666666665 2 0.6666666666666666 011000000
2.6666666666666665 2 0.6666666666666666 000000110
2.6666666666666665 2 0.6666666666666666 110000000
2.6666666666666665 2 0.6666666666666666 001001000
2.6666666666666665 2 0.6666666666666666 100100000
2.75 2 0.75 000111000
2.75 2 0.75 010010010
2.8 2 0.8 010010101
2.8 2 0.8 001110001
2.8 2 0.8 100011100
2.8 2 0.8 101010010
3.0 1 2.0 001011111
3.0 1 2.0 100110111
3.0 1 2.0 111011001
3.0 1 2.0 111110100
3.0 2 1.0 011100101
3.0 2 1.0 001010100
3.0 2 1.0 110001101
3.0 2 1.0 100010001
3.0 2 1.0 101100011
3.0 2 1.0 101001110
3.25 2 1.25 100011011
3.25 2 1.25 001110110
3.25 2 1.25 011011100
3.25 2 1.25 110110001
3.3333333333333335 3 0.3333333333333333 000000010
3.3333333333333335 3 0.3333333333333333 000001000
3.3333333333333335 3 0.3333333333333333 000100000
3.3333333333333335 3 0.3333333333333333 010000000
3.4 3 0.4 010000010
3.4 3 0.4 000101000
3.5 3 0.5 001010000
3.5 3 0.5 100010000
3.5 3 0.5 000010100
3.5 3 0.5 000010001
3.5 2 1.5 110001111
3.5 2 1.5 101101011
3.5 2 1.5 011100111
3.5 2 1.5 101101110
3.5 2 1.5 011101101
3.5 2 1.5 111001110
3.5 2 1.5 110101101
3.5 2 1.5 111100011
3.666666666666667 2 1.6666666666666667 010010111
3.666666666666667 2 1.6666666666666667 001111001
3.666666666666667 2 1.6666666666666667 100111100
3.666666666666667 2 1.6666666666666667 111010010
3.75 3 0.75 100001100
3.75 3 0.75 001100001
3.75 3 0.75 101000010
