0 0 0 111111111
0 0 0.8 101000101
0 0 1.0 010010101
0 0 0.5 010000010
0 0 0.6 000111000
0 0 0.75 100001100
0 0 0.75 001100001
0 0 1.0 001110001
0 0 0.5 000101000
0 0 0.6 010010010
0 0 0.75 101000010
0 0 0.75 010000101
0 0 1.0 100011100
0 0 1.0 101010010
0 0 1.0 110100001
0 0 0.3333333333333333 000000001
0 0 0.6666666666666666 000001010
0 0 0.6 010110000
0 0 0.6666666666666666 100010000
0 0 0.5 011000000
0 0 0.3333333333333333 000001000
0 0 0.5 000100100
0 0 0.3333333333333333 000000010
0 0 0.6666666666666666 000000011
0 0 0.5 000010100
0 0 0.5 100100000
0 0 0.3333333333333333 010000000
0 0 0.6666666666666666 000001001
0 0 0.5 001010000
0 0 0.5 110000000
0 0 0.3333333333333333 000100000
0 0 0.6666666666666666 001001000
0 0 0.5 000010001
0 0 0.6666666666666666 000000110
0 0 0.75 001011000
0 0 0.6666666666666666 010010000
0 0 0.5 101000000
0 0 0.6 000101010
0 0 0.6666666666666666 000001100
0 0 0.6666666666666666 000100001
0 0 0.75 000010110
0 0 0.6666666666666666 000110000
0 0 0.5 100000100
0 0 0.6 010001010
0 0 0.6666666666666666 001000010
0 0 0.6666666666666666 010000001
0 0 0.75 101100000
0 0 0.75 110000100
0 0 0.75 001010001
0 0 0.75 000010101
0 0 0.75 101010000
0 0 0.75 100010100
0 0 0.75 001010100
0 0 0.75 001000110
0 0 0.6666666666666666 001100000
0 0 0.75 001001100
0 0 0.6666666666666666 010000100
0 0 0.75 100001001
0 0 0.6666666666666666 100000010
