0 0 0 111111111
0 0 0 000101111
0 0 0 000001001
0 0 0 000000010
0 0 0 000010101
0 0 0 000110011
0 0 0 001101010
0 0 0 001100001
0 0 0 001000111
0 0 0 010001111
0 0 0 011111101
0 0 0 101110011
0 0 0 110010111
0 0 0 111100111
0 0 0 010101001
0 0 0 000010011
0 0 0 010111110
0 0 0 011110000
0 0 0 100001001
0 0 0 101111001
0 0 0 110011101
0 0 0 011011011
0 0 0 010000010
0 0 0 011001100
0 0 0 100001011
0 0 0 101111011
0 0 0 111101111
0 0 0 101010101
0 0 0 010000101
0 0 0 011110101
0 0 0 100001100
0 0 0 101000010
0 0 0 110110001
0 0 0 000010001
0 0 0 111000001
0 0 0 110011000
0 0 0 111010110
0 0 0 001111101
0 0 0 010110101
0 0 0 000001111
0 0 0 010010011
0 0 0 011101100
0 0 0 100010101
0 0 0 101100101
0 0 0 110000001
0 0 0 011000111
0 0 0 010011110
0 0 0 011100001
0 0 0 100010111
0 0 0 101100111
0 0 0 111110011
0 0 0 101001001
0 0 0 010011001
0 0 0 011101001
0 0 0 100010000
0 0 0 101101111
0 0 0 110101101
0 0 0 000001101
0 0 0 110001011
0 0 0 111011101
0 0 0 110000100
0 0 0 111111011
0 0 0 010100010
0 0 0 000011000
0 0 0 000111110
0 0 0 001000001
0 0 0 100101100
0 0 0 110111000
0 0 0 111001000
0 0 0 010000100
0 0 0 100100100
0 0 0 101010100
0 0 0 110110000
0 0 0 100000010
0 0 0 000110110
0 0 0 011010010
0 0 0 101011011
0 0 0 101110010
0 0 0 001000110
0 0 0 100101011
0 0 0 110010110
0 0 0 111001111
0 0 0 011010000
0 0 0 011110110
0 0 0 100100110
0 0 0 101010110
0 0 0 111000010
0 0 0 100000000
0 0 0 000110100
0 0 0 010100000
0 0 0 101011001
0 0 0 101110000
0 0 0 001000100
0 0 0 100101001
0 0 0 111100100
0 0 0 110111101
0 0 0 101011110
0 0 0 010001110
0 0 0 010101000
0 0 0 011010111
0 0 0 100101110
0 0 0 011111110
0 0 0 010100111
0 0 0 011011000
0 0 0 101111000
0 0 0 110111010
0 0 0 000011010
0 0 0 000111100
0 0 0 001000011
0 0 0 110011100
0 0 0 111001010
0 0 0 111101100
0 0 0 010001001
0 0 0 011111011
0 0 0 100000111
0 0 0 110010011
0 0 0 111100011
0 0 0 001001100
0 0 0 010101111
0 0 0 001100111
0 0 0 001101100
0 0 0 000110101
0 0 0 000100010
0 0 0 100000001
0 0 0 110010101
0 0 0 111100101
0 0 0 001001010
0 0 0 001011101
0 0 0 101111110
0 0 0 110011010
0 0 0 111101010
0 0 0 001111011
0 0 0 101001111
0 0 0 110101011
0 0 0 111011011
0 0 0 011010110
0 0 0 100000110
0 0 0 101110110
0 0 0 111100010
0 0 0 101011000
0 0 0 010001000
0 0 0 011111000
0 0 0 110010000
0 0 0 110111100
0 0 0 000011100
0 0 0 101110100
0 0 0 111001100
0 0 0 100000100
0 0 0 001110000
0 0 0 000101001
0 0 0 100011101
0 0 0 110001001
0 0 0 111111001
0 0 0 001010110
0 0 0 101100010
0 0 0 110000110
0 0 0 111110110
0 0 0 101000100
0 0 0 010010100
0 0 0 011100100
0 0 0 110001100
0 0 0 111111110
0 0 0 110100000
0 0 0 000000000
