0 0 6 1010101110000000000000000
1 1 7 0110111110000000000000000
1 1 0 0100100110000000000000000
1 1 6 1101101010000000000000000
1 1 0 1001001100000000000000000
1 1 7 1011001111000000000000000
1 1 6 0010110110100000000000000
1 1 7 1110110010010000000000000
1 1 0 1000100000001000000000000
1 1 7 1011101001000100000000000
1 1 6 1010001101000010000000000
1 1 10 1010111110110001000000000
1 1 9 1010100110111000100000000
1 1 9 1010101010011100010000000
1 1 9 1010101100001110001000000
1 1 10 1010101111000110000100000
1 1 10 1010101110100001100010000
1 1 11 1010101110010001110001000
1 1 11 1010101110001000111000100
1 1 11 1010101110000100011100010
1 1 10 1010101110000010001100001
1 1 9 1010101110000001000011000
1 1 10 1010101110000000100011100
1 1 10 1010101110000000010001110
1 1 10 1010101110000000001000111
1 1 9 1010101110000000000100011
2 2 0 1000110110000000000000000
2 2 0 0001111010000000000000000
2 2 0 0101011100000000000000000
2 2 8 0111011111000000000000000
2 2 7 1110100110100000000000000
2 2 0 0010100010010000000000000
2 2 0 0100110000001000000000000
2 2 8 0111111001000100000000000
2 2 7 0110011101000010000000000
2 2 9 0110101110110001000000000
2 2 10 0110110110111000100000000
2 2 10 0110111010011100010000000
2 2 10 0110111100001110001000000
2 2 11 0110111111000110000100000
2 2 11 0110111110100001100010000
2 2 12 0110111110010001110001000
2 2 12 0110111110001000111000100
2 2 12 0110111110000100011100010
2 2 11 0110111110000010001100001
2 2 10 0110111110000001000011000
2 2 11 0110111110000000100011100
2 2 11 0110111110000000010001110
2 2 11 0110111110000000001000111
