0 0 6 1010101110000000000000000
0 0 0 0100100110000000000000000
0 0 0 1001001100000000000000000
0 0 0 1000100000001000000000000
0 0 0 1000110110000000000000000
0 0 0 0011100010000000000000000
0 0 0 0111000100000000000000000
0 0 0 0101000111000000000000000
0 0 0 0000111010010000000000000
0 0 0 0110101000001000000000000
0 0 0 0101100001000100000000000
0 0 0 0100000101000010000000000
0 0 0 0101011100000000000000000
0 0 0 1110001000000000000000000
0 0 0 1000101101000000000000000
0 0 0 0001010100100000000000000
0 0 0 1101010000010000000000000
0 0 0 1011000010001000000000000
0 0 0 1000001011000100000000000
0 0 0 0100110000001000000000000
0 0 0 1001000001001000000000000
0 0 0 0000111000101000000000000
0 0 0 1000000011001010000000000
0 0 0 1011010100000000000000000
0 0 0 0000101110100000000000000
0 0 0 1000010101000010000000000
0 0 0 0000000000000000000000000
