0 0 6 1010101110000000000000000
0 0 6 0010110110100000000000000
0 0 5 0000111000101000000000000
0 0 7 0000011011101010000000000
0 0 5 0000101000011001000000000
0 0 4 0000110000010000100000000
0 0 7 0000111000001001100010000
0 0 8 0000111000100000111000100
0 0 8 0000111000101000000100011
0 0 9 0000111000101000001000111
0 0 9 0000111000101000010001110
0 0 9 0000111000101000100011100
0 0 8 0000111000101001000011000
0 0 9 0000111000101010001100001
0 0 10 0000111000101100011100010
0 0 10 0000111000111001110001000
0 0 9 0000111001101110000100000
0 0 8 0000111010100110001000000
0 0 8 0000111100110100010000000
0 0 6 0001011001101000000000000
0 0 10 0001111111101100000000000
0 0 7 0011011010101000000000000
0 0 6 0100100100111000000000000
0 0 9 0111111100101000000000000
0 0 6 1100101000101000000000000
0 0 7 1110110000101000000000000
0 0 4 0001010100100000000000000
0 0 5 0000010011100100000000000
0 0 5 0000110101100000000000000
0 0 4 0001000100010001000000000
0 0 7 0001010000111100010000000
0 0 6 0001010100000001100010000
0 0 7 0001010100100000000100011
0 0 8 0001010100100000001000111
0 0 8 0001010100100000010001110
0 0 8 0001010100100000100011100
0 0 7 0001010100100001000011000
0 0 8 0001010100100010001100001
0 0 9 0001010100100100011100010
0 0 9 0001010100101000111000100
0 0 9 0001010100110001110001000
0 0 8 0001010101100110000100000
0 0 9 0001010110101110001000000
0 0 7 0001011100011000100000000
0 0 8 0001110111100010000000000
0 0 5 0101001000110000000000000
0 0 4 0110010000100000000000000
0 0 5 1101000100100000000000000
0 0 8 1111011100100000000000000
0 0 6 0010010101100010000000000
0 0 6 0010000101010011000000000
0 0 9 0010010001111110010000000
0 0 6 0010010100100100000100000
0 0 8 0010010101000011100010000
0 0 8 0010010101100000001100001
0 0 9 0010010101100010000100011
0 0 10 0010010101100010001000111
0 0 10 0010010101100010010001110
0 0 10 0010010101100010100011100
0 0 9 0010010101100011000011000
0 0 11 0010010101100110011100010
0 0 11 0010010101101010111000100
0 0 11 0010010101110011110001000
0 0 9 0010010111101100001000000
0 0 9 0010011101011010100000000
0 0 7 0011010010100110000000000
0 0 7 0011110100100010000000000
0 0 6 0101010001100010000000000
0 0 7 0110001001110010000000000
0 0 8 1100011101100010000000000
0 0 7 1110000101100010000000000
0 0 6 0010100110010001000000000
0 0 7 0010100010001101010000000
0 0 9 0010100100011111001000000
0 0 7 0010100110000000110001000
0 0 7 0010100110010000000011000
0 0 9 0010100110010001000100011
0 0 10 0010100110010001001000111
0 0 10 0010100110010001010001110
0 0 10 0010100110010001100011100
0 0 10 0010100110010011001100001
0 0 11 0010100110010101011100010
0 0 11 0010100110011001111000100
0 0 8 0010100110110000100010000
0 0 10 0010100111010111000100000
0 0 9 0010101110101001100000000
0 0 7 0011000111010001000000000
0 0 7 0011100001010101000000000
0 0 6 0101100010010001000000000
0 0 7 0110111010000001000000000
0 0 8 1100101110010001000000000
0 0 9 1110110110010001000000000
0 0 9 0010110010111100010000000
0 0 8 0010110000110010011000000
0 0 11 0010110010011101110010000
0 0 10 0010110010101101100001000
0 0 10 0010110010110100101000100
0 0 10 0010110010111000001100010
0 0 11 0010110010111100000001110
0 0 12 0010110010111100010100011
0 0 13 0010110010111100011000111
0 0 13 0010110010111100110011100
0 0 12 0010110010111101010011000
0 0 13 0010110010111110011100001
0 0 11 0010110011111010010100000
0 0 8 0010111010000100110000000
0 0 10 0011010011111100010000000
0 0 10 0011110101111000010000000
0 0 11 0101110110111100010000000
0 0 10 0110101110101100010000000
0 0 11 1100111010111100010000000
0 0 10 1110100010111100010000000
0 0 9 0010110100101110001000000
0 0 11 0010110100001111101010000
0 0 10 0010110100100110110000100
0 0 10 0010110100101010010100010
0 0 9 0010110100101100000100001
0 0 11 0010110100101110000000111
0 0 12 0010110100101110001100011
0 0 13 0010110100101110011001110
0 0 13 0010110100101110101011100
0 0 12 0010110100101111001011000
0 0 14 0010110100111111111001000
0 0 9 0010110101101000001100000
0 0 10 0010111100010110101000000
0 0 10 0011010101101110001000000
0 0 10 0011110011101010001000000
0 0 9 0101110000101110001000000
0 0 10 0110101000111110001000000
0 0 11 1100111100101110001000000
0 0 10 1110100100101110001000000
0 0 8 0010110110000001100010000
0 0 7 0010110110000000100001000
0 0 8 0010110110000001000001100
0 0 11 0010110110000001100110011
0 0 12 0010110110000001101010111
0 0 12 0010110110000001110011110
0 0 12 0010110110000011101110001
0 0 13 0010110110000101111110010
0 0 11 0010110110001001011010100
0 0 9 0010110110010000010011000
0 0 12 0010110111000111100110000
0 0 11 0010111110111001000010000
0 0 9 0011010111000001100010000
0 0 9 0011110001000101100010000
0 0 8 0101110010000001100010000
0 0 9 0110101010010001100010000
0 0 10 1100111110000001100010000
0 0 9 1110100110000001100010000
0 0 9 0010110110100000000100011
0 0 9 0010110110100000001100100
0 0 11 0010110110100000010101101
0 0 13 0010110110100000100111111
0 0 12 0010110110100001000111011
0 0 9 0010110110100010001000010
0 0 10 0010110110100100011000001
0 0 14 0010110110101000111100111
0 0 14 0010110110110001110101011
0 0 11 0010110111100110000000011
0 0 12 0010111110011000100100011
0 0 10 0011010111100000000100011
0 0 10 0011110001100100000100011
0 0 9 0101110010100000000100011
0 0 10 0110101010110000000100011
0 0 11 1100111110100000000100011
0 0 10 1110100110100000000100011
0 0 10 0010110110100000001000111
0 0 10 0010110110100000011001001
0 0 12 0010110110100000101011011
0 0 13 0010110110100001001011111
0 0 10 0010110110100010000100110
0 0 11 0010110110100100010100101
0 0 11 0010110110101000110000011
0 0 15 0010110110110001111001111
0 0 14 0010110111100110001100111
0 0 13 0010111110011000101000111
0 0 11 0011010111100000001000111
0 0 11 0011110001100100001000111
0 0 10 0101110010100000001000111
0 0 11 0110101010110000001000111
0 0 12 1100111110100000001000111
0 0 11 1110100110100000001000111
0 0 10 0010110110100000010001110
0 0 10 0010110110100000110010010
0 0 11 0010110110100001010010110
0 0 14 0010110110100010011101111
0 0 11 0010110110100100001101100
0 0 11 0010110110101000101001010
0 0 11 0010110110110001100000110
0 0 14 0010110111100110010101110
0 0 13 0010111110011000110001110
0 0 11 0011010111100000010001110
0 0 11 0011110001100100010001110
0 0 10 0101110010100000010001110
0 0 11 0110101010110000010001110
0 0 12 1100111110100000010001110
0 0 11 1110100110100000010001110
0 0 10 0010110110100000100011100
0 0 9 0010110110100001100000100
0 0 14 0010110110100010101111101
0 0 15 0010110110100100111111110
0 0 11 0010110110101000011011000
0 0 11 0010110110110001010010100
0 0 14 0010110111100110100111100
0 0 11 0010111110011000000011100
0 0 11 0011010111100000100011100
0 0 11 0011110001100100100011100
0 0 10 0101110010100000100011100
0 0 11 0110101010110000100011100
0 0 12 1100111110100000100011100
0 0 11 1110100110100000100011100
0 0 9 0010110110100001000011000
0 0 13 0010110110100011001111001
0 0 14 0010110110100101011111010
0 0 14 0010110110101001111011100
0 0 10 0010110110110000110010000
0 0 13 0010110111100111000111000
0 0 12 0010111110011001100011000
0 0 10 0011010111100001000011000
0 0 10 0011110001100101000011000
0 0 9 0101110010100001000011000
0 0 10 0110101010110001000011000
0 0 11 1100111110100001000011000
0 0 10 1110100110100001000011000
0 0 10 0010110110100010001100001
0 0 11 0010110110100110010000011
0 0 13 0010110110101010110100101
0 0 15 0010110110110011111101001
0 0 10 0010110111100100001000001
0 0 13 0010111110011010101100001
0 0 11 0011010111100010001100001
0 0 11 0011110001100110001100001
0 0 10 0101110010100010001100001
0 0 11 0110101010110010001100001
0 0 12 1100111110100010001100001
0 0 11 1110100110100010001100001
0 0 11 0010110110100100011100010
0 0 12 0010110110101100100100110
0 0 14 0010110110110101101101010
0 0 11 0010110111100010011000010
0 0 14 0010111110011100111100010
0 0 12 0011010111100100011100010
0 0 10 0011110001100000011100010
0 0 11 0101110010100100011100010
0 0 12 0110101010110100011100010
0 0 13 1100111110100100011100010
0 0 12 1110100110100100011100010
0 0 11 0010110110101000111000100
0 0 12 0010110110111001001001100
0 0 15 0010110111101110111100100
0 0 10 0010111110010000011000100
0 0 12 0011010111101000111000100
0 0 12 0011110001101100111000100
0 0 11 0101110010101000111000100
0 0 12 0110101010111000111000100
0 0 13 1100111110101000111000100
0 0 12 1110100110101000111000100
0 0 11 0010110110110001110001000
0 0 15 0010110111110111110101000
0 0 10 0010111110001001010001000
0 0 12 0011010111110001110001000
0 0 12 0011110001110101110001000
0 0 11 0101110010110001110001000
0 0 10 0110101010100001110001000
0 0 13 1100111110110001110001000
0 0 12 1110100110110001110001000
0 0 10 0010110111100110000100000
0 0 13 0010111111011110100100000
0 0 9 0011010110100110000100000
0 0 7 0011110000100010000100000
0 0 10 0101110011100110000100000
0 0 11 0110101011110110000100000
0 0 12 1100111111100110000100000
0 0 11 1110100111100110000100000
0 0 9 0010111110011000100000000
0 0 10 0011011111011000100000000
0 0 10 0011111001011100100000000
0 0 9 0101111010011000100000000
0 0 6 0110100010001000100000000
0 0 9 1100110110011000100000000
0 0 10 1110101110011000100000000
0 0 7 0011010111100000000000000
0 0 4 0010010000100100000000000
0 0 5 0100010011100000000000000
0 0 8 0111001011110000000000000
0 0 9 1101011111100000000000000
0 0 8 1111000111100000000000000
0 0 7 0011110001100100000000000
0 0 7 0100110101100100000000000
0 0 10 0111101101110100000000000
0 0 9 1101111001100100000000000
0 0 8 1111100001100100000000000
0 0 6 0101110010100000000000000
0 0 7 0001101110110000000000000
0 0 5 1001100010100000000000000
0 0 8 1011111010100000000000000
0 0 7 0110101010110000000000000
0 0 5 1000100010110000000000000
0 0 8 1010111010110000000000000
0 0 8 1100111110100000000000000
0 0 5 0000101110100000000000000
0 0 7 1110100110100000000000000
0 0 4 0100100110000000000000000
0 0 5 0000111010010000000000000
0 0 5 0000011001010010000000000
0 0 5 0000101010100001000000000
0 0 6 0000110010101000100000000
0 0 8 0000111000011110001000000
0 0 8 0000111010000001110001000
0 0 8 0000111010010000000100011
0 0 9 0000111010010000001000111
0 0 9 0000111010010000010001110
0 0 9 0000111010010000100011100
0 0 8 0000111010010001000011000
0 0 9 0000111010010010001100001
0 0 10 0000111010010100011100010
0 0 10 0000111010011000111000100
0 0 9 0000111010110001100010000
0 0 9 0000111011010110000100000
0 0 8 0000111110001100010000000
0 0 6 0001011011010000000000000
0 0 8 0001111101010100000000000
0 0 6 0010110100011000000000000
0 0 5 0011011000010000000000000
0 0 9 0111111110010000000000000
0 0 6 1100101010010000000000000
0 0 4 0011100010000000000000000
0 0 0 0000000000000000000000000
