0 0 0 0000000000000000000000000000000000000000000100000000111000000001000000000000000000000000000000000000
0 0 0 1100000000100000000000000000000000000
0000001000000001110000000010000000000
00000000000000000000000000
0 0 0 1110000000010000000000000000000000000
0000001000000001110000000010000000000
00000000000000000000000000
0 0 0 0111000000001000000000000000000000000
0000001000000001110000000010000000000
00000000000000000000000000
0 0 0 0011100000000100000000000000000000000
0000001000000001110000000010000000000
00000000000000000000000000
0 0 0 0001110000000010000000000000000000000
0000001000000001110000000010000000000
00000000000000000000000000
0 0 0 0000111000000001000000000000000000000
0000001000000001110000000010000000000
00000000000000000000000000
0 0 0 0000011100000000100000000000000000000
0000001000000001110000000010000000000
00000000000000000000000000
0 0 0 0000001110000000010000000000000000000
0000001000000001110000000010000000000
00000000000000000000000000
0 0 0 0000000111000000001000000000000000000
0000001000000001110000000010000000000
00000000000000000000000000
0 0 0 0000000011000000000100000000000000000
0000001000000001110000000010000000000
00000000000000000000000000
0 0 0 1000000000110000000010000000000000000
0000001000000001110000000010000000000
00000000000000000000000000
0 0 0 0100000000111000000001000000000000000
0000001000000001110000000010000000000
00000000000000000000000000
0 0 0 0010000000011100000000100000000000000
0000001000000001110000000010000000000
00000000000000000000000000
0 0 0 0001000000001110000000010000000000000
0000001000000001110000000010000000000
00000000000000000000000000
0 0 0 0000100000000111000000001000000000000
0000001000000001110000000010000000000
00000000000000000000000000
0 0 0 0000010000000011100000000100000000000
0000001000000001110000000010000000000
00000000000000000000000000
0 0 0 0000001000000001110000000010000000000
0000001000000001110000000010000000000
00000000000000000000000000
0 0 0 0000000100000000111000000001000000000
0000001000000001110000000010000000000
00000000000000000000000000
0 0 0 0000000010000000011100000000100000000
0000001000000001110000000010000000000
00000000000000000000000000
0 0 0 0000000001000000001100000000010000000
0000001000000001110000000010000000000
00000000000000000000000000
0 0 0 0000000000100000000011000000001000000
0000001000000001110000000010000000000
00000000000000000000000000
0 0 0 0000000000010000000011100000000100000
0000001000000001110000000010000000000
00000000000000000000000000
0 0 0 0000000000001000000001110000000010000
0000001000000001110000000010000000000
00000000000000000000000000
0 0 0 0000000000000100000000111000000001000
0000001000000001110000000010000000000
00000000000000000000000000
0 0 0 0000000000000010000000011100000000100
0000001000000001110000000010000000000
00000000000000000000000000
0 0 0 0000000000000001000000001110000000010
0000001000000001110000000010000000000
00000000000000000000000000
0 0 0 0000000000000000100000000111000000001
0000001000000001110000000010000000000
00000000000000000000000000
0 0 0 0000000000000000010000000011100000000
1000001000000001110000000010000000000
00000000000000000000000000
0 0 0 0000000000000000001000000001110000000
0100001000000001110000000010000000000
00000000000000000000000000
0 0 0 0000000000000000000100000000110000000
0010001000000001110000000010000000000
00000000000000000000000000
0 0 0 0000000000000000000010000000001100000
0001001000000001110000000010000000000
00000000000000000000000000
0 0 0 0000000000000000000001000000001110000
0000101000000001110000000010000000000
00000000000000000000000000
0 0 0 0000000000000000000000100000000111000
0000011000000001110000000010000000000
00000000000000000000000000
0 0 0 0000000000000000000000001000000001110
0000001100000001110000000010000000000
00000000000000000000000000
0 0 0 0000000000000000000000000100000000111
0000001010000001110000000010000000000
00000000000000000000000000
0 0 0 0000000000000000000000000010000000011
1000001001000001110000000010000000000
00000000000000000000000000
0 0 0 0000000000000000000000000001000000001
1100001000100001110000000010000000000
00000000000000000000000000
0 0 0 0000000000000000000000000000100000000
1110001000010001110000000010000000000
00000000000000000000000000
0 0 0 0000000000000000000000000000010000000
0110001000001001110000000010000000000
00000000000000000000000000
0 0 0 0000000000000000000000000000001000000
0001101000000101110000000010000000000
00000000000000000000000000
0 0 0 0000000000000000000000000000000100000
0001111000000011110000000010000000000
00000000000000000000000000
0 0 0 0000000000000000000000000000000000010
0000001111000001111000000010000000000
00000000000000000000000000
0 0 0 0000000000000000000000000000000000001
0000001011100001110100000010000000000
00000000000000000000000000
0 0 0 0000000000000000000000000000000000000
1000001001110001110010000010000000000
00000000000000000000000000
0 0 0 0000000000000000000000000000000000000
0100001000111001110001000010000000000
00000000000000000000000000
0 0 0 0000000000000000000000000000000000000
0010001000011001110000100010000000000
00000000000000000000000000
0 0 0 0000000000000000000000000000000000000
0001001000000111110000010010000000000
00000000000000000000000000
0 0 0 0000000000000000000000000000000000000
0000000000000000000000000000000000000
00000000000000000000000000
